622,142
622,187
622,5
0,346
0,335
0,447
0,368
0,508
0,374
0,504
0,460
0,345
623,34
623,4
625,3
0,0
0,322
625,4
624,1
624,5
626,3
626,4
628,1
628,3
626,1
626,5
655,3
655,1
655,4
629,3
629,1
629,4
0,323
622,72
0,315
0,366
0,319
2,3
0,317
2,123
0,316
1,4
612,2
0,344
612,4
0,464
612,3
611,9
0,388
0,473
611,6
611,10
0,373
623,197
623,196
623,192
623,191
623,186
623,182
623,172
623,163
623,158
623,157
623,153
623,141
623,135
623,130
623,93
623,28
623,13
623,10
623,3
623,1
623,54
624,10
624,9
624,109
624,3
611,3
632,3
622,39
622,10
622,3
622,1
622,38
622,4
0,400
0,503
0,300
0,299
0,298
0,297
0,296
0,295
0,294
0,293
0,292
0,291
0,290
0,289
0,288
0,287
0,286
0,285
0,284
0,283
0,282
0,281
0,280
0,278
0,277
0,276
0,275
0,274
0,273
0,272
0,271
0,270
0,268
0,267
0,266
0,265
0,264
0,263
0,262
0,261
0,260
0,259
0,258
0,257
0,256
0,255
0,254
0,253
0,252
0,251
0,250
0,249
0,248
0,247
0,246
0,245
0,244
0,242
0,241
0,240
0,239
0,238
0,237
0,236
0,235
0,234
0,233
0,232
0,231
0,230
0,229
0,228
0,227
0,226
0,225
0,224
0,223
0,222
0,221
0,220
0,219
0,218
0,217
0,216
0,215
0,214
0,213
0,212
0,211
0,210
0,209
0,208
0,207
0,206
0,205
0,204
0,203
0,202
0,201
0,269
0,381
0,398
0,442
0,448
0,337
0,200
0,199
0,198
0,197
0,195
0,194
0,193
0,192
0,63
0,62
0,397
0,61
0,60
0,59
0,58
0,57
0,56
0,313
0,500
0,352
0,325
0,196
0,55
0,54
0,53
0,52
0,51
0,50
0,49
0,48
0,47
0,46
0,45
0,6
628,5
630,3
630,1
630,4
0,336
622,196
622,73
622,70
0,1
0,309
0,408
622,146
0,489
0,320
0,488
0,487
0,463
0,314
622,9
0,279
622,98
0,365
624,89
613,1
613,3
